$ANSIBLE_VAULT;1.1;AES256
36383364303464316166303539396461356532353263343834646265653763346663323164636434
6436333832626139326161643562653630343230386337340a373932633032373434333764636231
30336536373162373939363137393964653733623334646231323630383861396536663762306430
6331653931323465660a383736623136646432383364393965333565643130393530303265316331
34656364616233653436383162376237666539346533316365323639636266643161623262373337
37323632383030623630633133616661656362663836376438386165623636363539323338646461
33393336343439623832323464643438303031643339353061303336373066636264646330353664
34396562363136306166636637393936346636303566363333363961356533303866393665316436
32393737353764666265393662343835373139613833346664343434356363376632653265316332
32613932313839343435663166316261393136373136643331356631333861353564326331303535
33353032656166636330393933353831323763663332363663363536353465303666363938366531
39666362313131663430316137323039336632323231373039313036383561326563383038353032
61326565646439393038383435663366613530323462306535363562646135626332383530386663
37643065653530656633303633356632386365343534653966333430613765663536626262393139
65393538323638353637656265356465376561363736393562313564363739323133613361336363
66373135343361376338633738343337633864313736396561626464663264386635393539386661
33303331343532663539313433353233663763643863336363643362313330326639373361643166
61303462633662666630326132656534326265623534343063663438346130623839386232633834
37633461636666393035326165343561663562626130653565373963653666643433303131663534
34646330313730623463643931316364346630643866316536336663323566613738363638646263
30393763306637303534636263346532653137643432343663366437616239643737356432383034
32343939383831653565383938613561383865613232363063333163616237616432323739666231
38663062663837663838383138643465356166383162336563613233616462373763396264363765
63346264636362656165633966316530666135653762653266323138333036386139316135383062
31616631333333363666626161386265356164323264356232306363626362356438386562356239
62353834616161323536623935393266386231336233663065633333323665383934366433666463
38356338643930663136306632643531663264363763313935636233353731313439613065663764
33373131353038653638656530316565656362396166623730643533633439353266383063383337
39663332306131633564663163383966393730376636656566663665376338656266666438383035
32323964333836323032643337653737643263653931353032336138323539323362626535323866
39666665326239656632363661366134333864323463386464353162653063336337386336313934
61383761313365353634343866656566383163343066653937613235376263383333363636646435
62303130346531313531323365363334393738373733653131643363323561663164373964623035
62646163353832383035633636316331663331613565363966663337656232356265386162613632
37366235393839356333653236393733376239356363386130396163326562383766393861663336
61306134613339633732366137356139303339336338643536636534626239383730373536666138
65363962633531613439333237316337643463653336643634346661353731616461656130373066
39356532643936376263303934363561336532613262356639653063303831353730356334643937
65353631653134333663343431393032656139613836376131666432383262373966653437623130
62633065313334326463303034313339633362636262366130366139316662323035353565626636
35343464626462613030333738626237666137313937343466633437353164343463336635313464
65346139653136383538613764623561303030666639653036353137633038653165643563376531
35373639326565313533306137626465386638333333616637663662366463613235653631363966
37646438373439636537343662363838386634383638636131363463353839316561643263333536
65633435336430656162666432623163356338353435333533373734623139376365643363316562
34323735366439633030383663396662643339313132323264386665643530353466376266373435
33373832633935376165613036353762663534663561353539633137643732626333656165313136
61326632663662656361373237303533373330333962386563356434353932366538326538373034
32353063396664666436656337336536326462666330616530333138376238393435643562313666
61636463653034396462643131663162326436353634656666353862366133653935633437303764
63366332326262666363666564306136343139643136393035636233653038663262306139616532
39353263323139386639656137343539333836386134623061313264623332653933623166626366
62396237656435666234616163613435663766343434666637393061303433386532613039353436
30393065323533653834356235643862626531393134386534366639346332376333326530383638
31646633613531656466653136366332623366623266623063333935373966363865303263386532
39373136333764346463373737646665323639386366666434393661386330663566353732386135
32656461386263636333373534373930323164333230366434616462633033663233633861376163
30343861353933363164353364313238313839663533343236663933616532356638373261356436
33303863623035326336393038343264316335306365336162383664373538643034323766376134
65636461313162366533633331343234343236393330643232663732376237333938626534633962
32353564333765346661646563376436383564666435656333336363353264313139393166653362
64616363336137663530633730623966633731316135323730383331353464666533363266363436
62323438306431656535316366366339356531376465313135646263333134616334316436646633
64613062653566346235343536363830333463313761353734366633663130333738323531353534
39323933666331643839643361653334306534643563363735343631366134623934613035636439
65373936663033656365636437346563373430323436633530646232656438653365356138386361
65623262656333613963383462646630356437316263373235366538306635663230376239346236
62656532636430633034363065646164626532613332666661663762326431386632316638303132
35623632313930356263313133396665636561643262306263663834313565333931323165303966
36373632633066303537386238303737336239656333613838663237393138326666333835626131
34343735613636313463663438333537393432616535383963363063653534646365613132333663
32316664373937643266616265363030343235613736626635336439666337363462316361323263
66623765353336653666343132646638633535383936623932323234306530396532653630656338
37666437333063326437653363613232353632643535383734313633306461346363363532613430
63373833333131313231396365633861396465363630656136613736656433303166303361303933
35326261623063353030313061336462303766343833633731353633336536643031373334626639
33663231643434623733316238666261303065633133643066343535306337373437346163346165
38316637316463613639633665366633333063373937613732303332303663626130376636363032
61663337663737316238653638643534363064323838306266393330323761663931343664313161
65646539346363376634393264616166386261396238666564393961396231366535303036633962
31356338303266353139353562393735626131373732303236376531653336653034383362343330
32356630633961323037313339336237383966356139343261383262316466653234323239386136
30376532306363343964663332633163346265323665376332666461383161666535363662343132
39363962613638616533616333306231303663663731626162643032313939366234316237323938
65646365646661313065363633663661666266383033306431306536366134306464663837653264
64353261623362383136313232373438303832343934613061363838656133646364616336356438
64623235383933663933306533333365643635643636666634653634633464386333333536636438
39353536316332383365376630373063353733366638353532333333346338373134646138643062
36363865326562313331383264623631333736623732343062363237643338346161313364386463
65306138633861376164323130646262343662666366303766396132346538313666383331636637
66626565336563656164373638306434646138373765303865393635623439623536366639383931
31383033623730626436346130376366613732323736316466636662393039356431636233323836
66303832323835373639363731643436653538383762303966356165663034303137663837386139
66386633376233313362613265363734643138653163333364656430373664613864363432626334
31386631306632393938386534363966383663323231623230633438323534316138303333633439
35383661646538303631663638336232353833343766373166343337343434313862613738393063
63323665643234643230393231616137636332633965633439643931646637626365636139313135
35346264623965393166633537303563326264313265326331353234323639636432646264383335
32356430326562326632653435656334663337326161653661383464323866646132383231663166
61373466396636343536343735653338663030383564336439623430333339623761393064376563
62626164366236346234646639353636346535653434363864643963333437323033373333366166
66663765666437626366613734616432653537313336613830396236326636663530313137386566
35363437363538626531663561386438623031326263356338313630633130623037386631343762
63346536396662326430613035356132633730633363346337646232626561376461373863316630
66343462646437613234353937303631313631386333333937343865336538363662393738396165
61336637333731626239353162346237393336616665393662353139386233313939383836333061
34653439386130383935306561636363316561323961376131363539363263663633666562626536
37323536336665313662366431663038343665313266656166386436623531336533653533613866
61666461663437353935393037373836366335666237313762383738616230663333316337383539
38643762393962623965393730363035306637386166326331376132663335333661343731373431
32663464303531643263316335353431306363643637393535336665643763306430313231313363
33353064633535346663396562313733326436373563656564653930336165363965346131386137
35383864613031653135653134346436623264343262626562336235343231663161623265343065
30323762363931316663623136373338383761363035386536316437386531613538323161663031
62376161646564626431646161313762626633633637303030393438393766663138353363643232
31323539363834663238663838363137303932643835373338643931613863366532666265653132
34613464323236333830663837346538316464343565646564333234363530353831376335303631
34376634346539393939346337326332653763396434303465316462336133343564306166656232
31613366353430303165623933663837383439666533616161336265383233353366303165626432
36636239626232616436333339653738376565616532333931383333303130393936353539663333
65643538353866353031356130656233326266663766613062613564383232383834336238623662
36623761306162326331646330373739313061363830623664666364306635656664613439363337
62633561323132653032306434613765626534663661333030363263636332386461333031636564
38393238343030363137663836343466626535333363393339376532623632623661646430663266
31646130663561626637643964306161366364643434336563323637353262666463656232333931
66363866316462633839373161393366396262613264393132663234623832373333663831653535
64313835373630643333383263346161653936656264396265386362383636313461333232303465
38386131633164386165396139393565613036653466643763303866396330383762313366313130
31393665383432666235346563323861396134313464366436636430393134353931626139353063
35616664376564373533633935323030396639636531343936623639363838396131313862306233
35303839336633386365333738613034666463373134396264633465623230376265306337623734
39373830303034653934396237303263326539643961636563373130633431653535646133336566
39323064646432663233373761306464613036643335623331616233393934316266633139336462
3536313434353239633439326161303462633064636632356466
